2,IC1807,500股指1807,200,0.2,1,0.3,0.3
2,IC1808,500股指1808,200,0.2,1,0.3,0.3
2,IC1809,500股指1809,200,0.2,1,0.3,0.3
2,IC1812,500股指1812,200,0.2,1,0.3,0.3
2,IF1807,股指1807,300,0.2,1,0.2,0.2
2,IF1808,股指1808,300,0.2,1,0.2,0.2
2,IF1809,股指1809,300,0.2,1,0.2,0.2
2,IF1812,股指1812,300,0.2,1,0.2,0.2
2,IH1807,50股指1807,300,0.2,1,0.2,0.2
2,IH1808,50股指1808,300,0.2,1,0.2,0.2
2,IH1809,50股指1809,300,0.2,1,0.2,0.2
2,IH1812,50股指1812,300,0.2,1,0.2,0.2
2,T1809,10国债1809,10000,0.005,1,0.02,0.02
2,T1812,10国债1812,10000,0.005,1,0.02,0.02
2,T1903,10国债1903,10000,0.005,1,0.02,0.02
2,TF1809,5国债1809,10000,0.005,1,0.012,0.012
2,TF1812,5国债1812,10000,0.005,1,0.012,0.012
2,TF1903,5国债1903,10000,0.005,1,0.012,0.012
3,a1807,豆一1807,10,1,1,0.05,0.05
3,a1809,豆一1809,10,1,1,0.05,0.05
3,a1811,豆一1811,10,1,1,0.05,0.05
3,a1901,豆一1901,10,1,1,0.05,0.05
3,a1903,豆一1903,10,1,1,0.05,0.05
3,a1905,豆一1905,10,1,1,0.05,0.05
3,a1907,豆一1907,10,1,1,0.05,0.05
3,a1909,豆一1909,10,1,1,0.05,0.05
3,a1911,豆一1911,10,1,1,0.05,0.05
3,b1807,豆二1807,10,1,1,0.05,0.05
3,b1809,豆二1809,10,1,1,0.05,0.05
3,b1811,豆二1811,10,1,1,0.05,0.05
3,b1901,豆二1901,10,1,1,0.05,0.05
3,b1903,豆二1903,10,1,1,0.05,0.05
3,b1905,豆二1905,10,1,1,0.05,0.05
3,bb1807,胶合板1807,500,0.05,1,0.2,0.2
3,bb1808,胶合板1808,500,0.05,1,0.2,0.2
3,bb1809,胶合板1809,500,0.05,1,0.2,0.2
3,bb1810,胶合板1810,500,0.05,1,0.2,0.2
3,bb1811,胶合板1811,500,0.05,1,0.2,0.2
3,bb1812,胶合板1812,500,0.05,1,0.2,0.2
3,bb1901,胶合板1901,500,0.05,1,0.2,0.2
3,bb1902,胶合板1902,500,0.05,1,0.2,0.2
3,bb1903,胶合板1903,500,0.05,1,0.2,0.2
3,bb1904,胶合板1904,500,0.05,1,0.2,0.2
3,bb1905,胶合板1905,500,0.05,1,0.2,0.2
3,bb1906,胶合板1906,500,0.05,1,0.2,0.2
3,c1807,玉米1807,10,1,1,0.05,0.05
3,c1809,玉米1809,10,1,1,0.05,0.05
3,c1811,玉米1811,10,1,1,0.05,0.05
3,c1901,玉米1901,10,1,1,0.05,0.05
3,c1903,玉米1903,10,1,1,0.05,0.05
3,c1905,玉米1905,10,1,1,0.05,0.05
3,cs1807,玉米淀粉1807,10,1,1,0.05,0.05
3,cs1809,ó??×μí·?1809,10,1,1,0.05,0.05
3,cs1811,ó??×μí·?1811,10,1,1,0.05,0.05
3,cs1901,ó??×μí·?1901,10,1,1,0.05,0.05
3,cs1903,ó??×μí·?1903,10,1,1,0.05,0.05
3,cs1905,ó??×μí·?1905,10,1,1,0.05,0.05
3,fb1807,纤维板1807,500,0.05,1,0.2,0.2
3,fb1808,纤维板1808,500,0.05,1,0.2,0.2
3,fb1809,纤维板1809,500,0.05,1,0.2,0.2
3,fb1810,纤维板1810,500,0.05,1,0.2,0.2
3,fb1811,纤维板1811,500,0.05,1,0.2,0.2
3,fb1812,纤维板1812,500,0.05,1,0.2,0.2
3,fb1901,纤维板1901,500,0.05,1,0.2,0.2
3,fb1902,纤维板1902,500,0.05,1,0.2,0.2
3,fb1903,纤维板1903,500,0.05,1,0.2,0.2
3,fb1904,纤维板1904,500,0.05,1,0.2,0.2
3,fb1905,纤维板1905,500,0.05,1,0.2,0.2
3,fb1906,纤维板1906,500,0.05,1,0.2,0.2
3,i1807,铁矿石1807,100,0.5,1,0.05,0.05
3,i1808,ìú?óêˉ1808,100,0.5,1,0.05,0.05
3,i1809,ìú?óêˉ1809,100,0.5,1,0.05,0.05
3,i1810,ìú?óêˉ1810,100,0.5,1,0.05,0.05
3,i1811,ìú?óêˉ1811,100,0.5,1,0.05,0.05
3,i1812,ìú?óêˉ1812,100,0.5,1,0.05,0.05
3,i1901,ìú?óêˉ1901,100,0.5,1,0.05,0.05
3,i1902,ìú?óêˉ1902,100,0.5,1,0.05,0.05
3,i1903,ìú?óêˉ1903,100,0.5,1,0.05,0.05
3,i1904,ìú?óêˉ1904,100,0.5,1,0.05,0.05
3,i1905,ìú?óêˉ1905,100,0.5,1,0.05,0.05
3,i1906,ìú?óêˉ1906,100,0.5,1,0.05,0.05
3,j1807,焦炭1807,100,0.5,1,0.05,0.05
3,j1808,焦炭1808,100,0.5,1,0.05,0.05
3,j1809,焦炭1809,100,0.5,1,0.05,0.05
3,j1810,焦炭1810,100,0.5,1,0.05,0.05
3,j1811,焦炭1811,100,0.5,1,0.05,0.05
3,j1812,焦炭1812,100,0.5,1,0.05,0.05
3,j1901,焦炭1901,100,0.5,1,0.05,0.05
3,j1902,焦炭1902,100,0.5,1,0.05,0.05
3,j1903,焦炭1903,100,0.5,1,0.05,0.05
3,j1904,焦炭1904,100,0.5,1,0.05,0.05
3,j1905,焦炭1905,100,0.5,1,0.05,0.05
3,j1906,焦炭1906,100,0.5,1,0.05,0.05
3,jd1807,鸡蛋1807,10,1,1,0.08,0.08
3,jd1808,鸡蛋1808,10,1,1,0.08,0.08
3,jd1809,鸡蛋1809,10,1,1,0.08,0.08
3,jd1810,鸡蛋1810,10,1,1,0.08,0.08
3,jd1811,鸡蛋1811,10,1,1,0.08,0.08
3,jd1812,鸡蛋1812,10,1,1,0.08,0.08
3,jd1901,鸡蛋1901,10,1,1,0.08,0.08
3,jd1902,鸡蛋1902,10,1,1,0.08,0.08
3,jd1903,鸡蛋1903,10,1,1,0.08,0.08
3,jd1904,鸡蛋1904,10,1,1,0.08,0.08
3,jd1905,鸡蛋1905,10,1,1,0.08,0.08
3,jd1906,鸡蛋1906,10,1,1,0.08,0.08
3,jm1807,焦煤1807,60,0.5,1,0.05,0.05
3,jm1808,?1?o1808,60,0.5,1,0.05,0.05
3,jm1809,?1?o1809,60,0.5,1,0.05,0.05
3,jm1810,?1?o1810,60,0.5,1,0.05,0.05
3,jm1811,?1?o1811,60,0.5,1,0.05,0.05
3,jm1812,?1?o1812,60,0.5,1,0.05,0.05
3,jm1901,?1?o1901,60,0.5,1,0.05,0.05
3,jm1902,?1?o1902,60,0.5,1,0.05,0.05
3,jm1903,?1?o1903,60,0.5,1,0.05,0.05
3,jm1904,?1?o1904,60,0.5,1,0.05,0.05
3,jm1905,?1?o1905,60,0.5,1,0.05,0.05
3,jm1906,?1?o1906,60,0.5,1,0.05,0.05
3,l1807,聚乙烯1807,5,5,1,0.05,0.05
3,l1808,聚乙烯1808,5,5,1,0.05,0.05
3,l1809,聚乙烯1809,5,5,1,0.05,0.05
3,l1810,聚乙烯1810,5,5,1,0.05,0.05
3,l1811,聚乙烯1811,5,5,1,0.05,0.05
3,l1812,聚乙烯1812,5,5,1,0.05,0.05
3,l1901,聚乙烯1901,5,5,1,0.05,0.05
3,l1902,聚乙烯1902,5,5,1,0.05,0.05
3,l1903,聚乙烯1903,5,5,1,0.05,0.05
3,l1904,聚乙烯1904,5,5,1,0.05,0.05
3,l1905,聚乙烯1905,5,5,1,0.05,0.05
3,l1906,聚乙烯1906,5,5,1,0.05,0.05
3,m1807,豆粕1807,10,1,1,0.05,0.05
3,m1808,?1?é1808,10,1,1,0.05,0.05
3,m1809,?1?é1809,10,1,1,0.05,0.05
3,m1811,?1?é1811,10,1,1,0.05,0.05
3,m1812,?1?é1812,10,1,1,0.05,0.05
3,m1901,?1?é1901,10,1,1,0.05,0.05
3,m1903,?1?é1903,10,1,1,0.05,0.05
3,m1905,?1?é1905,10,1,1,0.05,0.05
3,p1807,棕榈油1807,10,2,1,0.05,0.05
3,p1808,×?éμóí1808,10,2,1,0.05,0.05
3,p1809,×?éμóí1809,10,2,1,0.05,0.05
3,p1810,×?éμóí1810,10,2,1,0.05,0.05
3,p1811,×?éμóí1811,10,2,1,0.05,0.05
3,p1812,×?éμóí1812,10,2,1,0.05,0.05
3,p1901,×?éμóí1901,10,2,1,0.05,0.05
3,p1902,×?éμóí1902,10,2,1,0.05,0.05
3,p1903,×?éμóí1903,10,2,1,0.05,0.05
3,p1904,×?éμóí1904,10,2,1,0.05,0.05
3,p1905,×?éμóí1905,10,2,1,0.05,0.05
3,p1906,×?éμóí1906,10,2,1,0.05,0.05
3,pp1807,聚丙烯1807,5,1,1,0.05,0.05
3,pp1808,??±???1808,5,1,1,0.05,0.05
3,pp1809,??±???1809,5,1,1,0.05,0.05
3,pp1810,??±???1810,5,1,1,0.05,0.05
3,pp1811,??±???1811,5,1,1,0.05,0.05
3,pp1812,??±???1812,5,1,1,0.05,0.05
3,pp1901,??±???1901,5,1,1,0.05,0.05
3,pp1902,??±???1902,5,1,1,0.05,0.05
3,pp1903,??±???1903,5,1,1,0.05,0.05
3,pp1904,??±???1904,5,1,1,0.05,0.05
3,pp1905,??±???1905,5,1,1,0.05,0.05
3,pp1906,??±???1906,5,1,1,0.05,0.05
3,v1807,聚氯乙烯1807,5,5,1,0.05,0.05
3,v1808,???èòò??1808,5,5,1,0.05,0.05
3,v1809,???èòò??1809,5,5,1,0.05,0.05
3,v1810,???èòò??1810,5,5,1,0.05,0.05
3,v1811,???èòò??1811,5,5,1,0.05,0.05
3,v1812,???èòò??1812,5,5,1,0.05,0.05
3,v1901,???èòò??1901,5,5,1,0.05,0.05
3,v1902,???èòò??1902,5,5,1,0.05,0.05
3,v1903,???èòò??1903,5,5,1,0.05,0.05
3,v1904,???èòò??1904,5,5,1,0.05,0.05
3,v1905,???èòò??1905,5,5,1,0.05,0.05
3,v1906,???èòò??1906,5,5,1,0.05,0.05
3,y1807,豆油1807,10,2,1,0.05,0.05
3,y1808,?1óí1808,10,2,1,0.05,0.05
3,y1809,?1óí1809,10,2,1,0.05,0.05
3,y1811,?1óí1811,10,2,1,0.05,0.05
3,y1812,?1óí1812,10,2,1,0.05,0.05
3,y1901,?1óí1901,10,2,1,0.05,0.05
3,y1903,?1óí1903,10,2,1,0.05,0.05
3,y1905,?1óí1905,10,2,1,0.05,0.05
4,AP807,苹果807,10,1,1,0.07,0.07
4,AP810,??1?810,10,1,1,0.07,0.07
4,AP811,??1?811,10,1,1,0.07,0.07
4,AP812,??1?812,10,1,1,0.07,0.07
4,AP901,??1?901,10,1,1,0.07,0.07
4,AP903,??1?903,10,1,1,0.07,0.07
4,AP905,??1?905,10,1,1,0.07,0.07
4,CF807,棉花807,5,5,1,0.05,0.05
4,CF809,棉花809,5,5,1,0.05,0.05
4,CF811,棉花811,5,5,1,0.05,0.05
4,CF901,棉花901,5,5,1,0.05,0.05
4,CF903,棉花903,5,5,1,0.05,0.05
4,CF905,棉花905,5,5,1,0.05,0.05
4,CY807,棉纱807,5,5,1,0.05,0.05
4,CY808,?Té′808,5,5,1,0.05,0.05
4,CY809,?Té′809,5,5,1,0.05,0.05
4,CY810,?Té′810,5,5,1,0.05,0.05
4,CY811,?Té′811,5,5,1,0.05,0.05
4,CY812,?Té′812,5,5,1,0.05,0.05
4,CY901,?Té′901,5,5,1,0.05,0.05
4,CY902,?Té′902,5,5,1,0.05,0.05
4,CY903,?Té′903,5,5,1,0.05,0.05
4,CY904,?Té′904,5,5,1,0.05,0.05
4,CY905,?Té′905,5,5,1,0.05,0.05
4,CY906,?Té′906,5,5,1,0.05,0.05
4,FG807,玻璃807,20,1,1,0.05,0.05
4,FG808,2￡á§808,20,1,1,0.05,0.05
4,FG809,2￡á§809,20,1,1,0.05,0.05
4,FG810,2￡á§810,20,1,1,0.05,0.05
4,FG811,2￡á§811,20,1,1,0.05,0.05
4,FG812,2￡á§812,20,1,1,0.05,0.05
4,FG901,2￡á§901,20,1,1,0.05,0.05
4,FG902,2￡á§902,20,1,1,0.05,0.05
4,FG903,2￡á§903,20,1,1,0.05,0.05
4,FG904,2￡á§904,20,1,1,0.05,0.05
4,FG905,2￡á§905,20,1,1,0.05,0.05
4,FG906,2￡á§906,20,1,1,0.05,0.05
4,JR807,粳稻807,20,1,1,0.05,0.05
4,JR809,粳稻809,20,1,1,0.05,0.05
4,JR811,粳稻811,20,1,1,0.05,0.05
4,JR901,粳稻901,20,1,1,0.05,0.05
4,JR903,粳稻903,20,1,1,0.05,0.05
4,JR905,粳稻905,20,1,1,0.05,0.05
4,LR807,晚籼稻807,20,1,1,0.05,0.05
4,LR809,íí?ìμ?809,20,1,1,0.05,0.05
4,LR811,íí?ìμ?811,20,1,1,0.05,0.05
4,LR901,íí?ìμ?901,20,1,1,0.05,0.05
4,LR903,íí?ìμ?903,20,1,1,0.05,0.05
4,LR905,íí?ìμ?905,20,1,1,0.05,0.05
4,MA807,甲醇MA807,10,1,1,0.07,0.07
4,MA808,?×′?MA808,10,1,1,0.07,0.07
4,MA809,?×′?MA809,10,1,1,0.07,0.07
4,MA810,?×′?MA810,10,1,1,0.07,0.07
4,MA811,?×′?MA811,10,1,1,0.07,0.07
4,MA812,?×′?MA812,10,1,1,0.07,0.07
4,MA901,?×′?MA901,10,1,1,0.07,0.07
4,MA902,?×′?MA902,10,1,1,0.07,0.07
4,MA903,?×′?MA903,10,1,1,0.07,0.07
4,MA904,?×′?MA904,10,1,1,0.07,0.07
4,MA905,?×′?MA905,10,1,1,0.07,0.07
4,MA906,?×′?MA906,10,1,1,0.07,0.07
4,OI807,菜籽油807,10,1,1,0.05,0.05
4,OI809,2?×?óí809,10,1,1,0.05,0.05
4,OI811,2?×?óí811,10,1,1,0.05,0.05
4,OI901,2?×?óí901,10,1,1,0.05,0.05
4,OI903,2?×?óí903,10,1,1,0.05,0.05
4,OI905,2?×?óí905,10,1,1,0.05,0.05
4,PM807,普麦807,50,1,1,0.05,0.05
4,PM809,普麦809,50,1,1,0.05,0.05
4,PM811,普麦811,50,1,1,0.05,0.05
4,PM901,普麦901,50,1,1,0.05,0.05
4,PM903,普麦903,50,1,1,0.05,0.05
4,PM905,普麦905,50,1,1,0.05,0.05
4,RI807,早籼稻807,20,1,1,0.05,0.05
4,RI809,???ìμ?809,20,1,1,0.05,0.05
4,RI811,???ìμ?811,20,1,1,0.05,0.05
4,RI901,???ìμ?901,20,1,1,0.05,0.05
4,RI903,???ìμ?903,20,1,1,0.05,0.05
4,RI905,???ìμ?905,20,1,1,0.05,0.05
4,RM807,菜籽粕807,10,1,1,0.05,0.05
4,RM808,2?×??é808,10,1,1,0.05,0.05
4,RM809,2?×??é809,10,1,1,0.05,0.05
4,RM811,2?×??é811,10,1,1,0.05,0.05
4,RM901,2?×??é901,10,1,1,0.05,0.05
4,RM903,2?×??é903,10,1,1,0.05,0.05
4,RM905,2?×??é905,10,1,1,0.05,0.05
4,RS807,油菜籽807,10,1,1,0.05,0.05
4,RS808,óí2?×?808,10,1,1,0.05,0.05
4,RS809,óí2?×?809,10,1,1,0.05,0.05
4,RS811,óí2?×?811,10,1,1,0.05,0.05
4,SF807,硅铁807,5,2,1,0.05,0.05
4,SF808,1èìú808,5,2,1,0.05,0.05
4,SF809,1èìú809,5,2,1,0.05,0.05
4,SF810,1èìú810,5,2,1,0.05,0.05
4,SF811,1èìú811,5,2,1,0.05,0.05
4,SF812,1èìú812,5,2,1,0.05,0.05
4,SF901,1èìú901,5,2,1,0.05,0.05
4,SF902,1èìú902,5,2,1,0.05,0.05
4,SF903,1èìú903,5,2,1,0.05,0.05
4,SF904,1èìú904,5,2,1,0.05,0.05
4,SF905,1èìú905,5,2,1,0.05,0.05
4,SF906,1èìú906,5,2,1,0.05,0.05
4,SM807,锰硅807,5,2,1,0.05,0.05
4,SM808,?ì1è808,5,2,1,0.05,0.05
4,SM809,?ì1è809,5,2,1,0.05,0.05
4,SM810,?ì1è810,5,2,1,0.05,0.05
4,SM811,?ì1è811,5,2,1,0.05,0.05
4,SM812,?ì1è812,5,2,1,0.05,0.05
4,SM901,?ì1è901,5,2,1,0.05,0.05
4,SM902,?ì1è902,5,2,1,0.05,0.05
4,SM903,?ì1è903,5,2,1,0.05,0.05
4,SM904,?ì1è904,5,2,1,0.05,0.05
4,SM905,?ì1è905,5,2,1,0.05,0.05
4,SM906,?ì1è906,5,2,1,0.05,0.05
4,SR807,白糖807,10,1,1,0.05,0.05
4,SR809,白糖809,10,1,1,0.05,0.05
4,SR811,白糖811,10,1,1,0.05,0.05
4,SR901,白糖901,10,1,1,0.05,0.05
4,SR903,白糖903,10,1,1,0.05,0.05
4,SR905,白糖905,10,1,1,0.05,0.05
4,SR907,白糖907,10,1,1,0.05,0.05
4,SR909,白糖909,10,1,1,0.05,0.05
4,SR911,白糖911,10,1,1,0.05,0.05
4,TA807,PTA807,5,2,1,0.05,0.05
4,TA808,PTA808,5,2,1,0.05,0.05
4,TA809,PTA809,5,2,1,0.05,0.05
4,TA810,PTA810,5,2,1,0.05,0.05
4,TA811,PTA811,5,2,1,0.05,0.05
4,TA812,PTA812,5,2,1,0.05,0.05
4,TA901,PTA901,5,2,1,0.05,0.05
4,TA902,PTA902,5,2,1,0.05,0.05
4,TA903,PTA903,5,2,1,0.05,0.05
4,TA904,PTA904,5,2,1,0.05,0.05
4,TA905,PTA905,5,2,1,0.05,0.05
4,TA906,PTA906,5,2,1,0.05,0.05
4,WH807,强麦807,20,1,1,0.05,0.05
4,WH809,强麦809,20,1,1,0.05,0.05
4,WH811,强麦811,20,1,1,0.05,0.05
4,WH901,强麦901,20,1,1,0.05,0.05
4,WH903,强麦903,20,1,1,0.05,0.05
4,WH905,强麦905,20,1,1,0.05,0.05
4,ZC808,动力煤808,100,0.2,1,0.05,0.05
4,ZC809,动力煤809,100,0.2,1,0.05,0.05
4,ZC810,动力煤810,100,0.2,1,0.05,0.05
4,ZC811,动力煤811,100,0.2,1,0.05,0.05
4,ZC812,动力煤812,100,0.2,1,0.05,0.05
4,ZC901,动力煤901,100,0.2,1,0.05,0.05
4,ZC902,动力煤902,100,0.2,1,0.05,0.05
4,ZC903,动力煤903,100,0.2,1,0.05,0.05
4,ZC904,动力煤904,100,0.2,1,0.05,0.05
4,ZC905,动力煤905,100,0.2,1,0.05,0.05
4,ZC906,动力煤906,100,0.2,1,0.05,0.05
4,ZC907,动力煤907,100,0.2,1,0.05,0.05
5,ag1807,白银1807,15,1,1,0.08,0.08
5,ag1808,白银1808,15,1,1,0.08,0.08
5,ag1809,白银1809,15,1,1,0.08,0.08
5,ag1810,白银1810,15,1,1,0.08,0.08
5,ag1811,白银1811,15,1,1,0.08,0.08
5,ag1812,白银1812,15,1,1,0.08,0.08
5,ag1901,白银1901,15,1,1,0.08,0.08
5,ag1902,白银1902,15,1,1,0.08,0.08
5,ag1903,白银1903,15,1,1,0.08,0.08
5,ag1904,白银1904,15,1,1,0.08,0.08
5,ag1905,白银1905,15,1,1,0.08,0.08
5,ag1906,白银1906,15,1,1,0.08,0.08
5,al1807,铝1807,5,5,1,0.1,0.1
5,al1808,铝1808,5,5,1,0.1,0.1
5,al1809,铝1809,5,5,1,0.1,0.1
5,al1810,铝1810,5,5,1,0.1,0.1
5,al1811,铝1811,5,5,1,0.1,0.1
5,al1812,铝1812,5,5,1,0.1,0.1
5,al1901,铝1901,5,5,1,0.1,0.1
5,al1902,铝1902,5,5,1,0.1,0.1
5,al1903,铝1903,5,5,1,0.1,0.1
5,al1904,铝1904,5,5,1,0.1,0.1
5,al1905,铝1905,5,5,1,0.1,0.1
5,al1906,铝1906,5,5,1,0.1,0.1
5,au1807,黄金1807,1000,0.05,1,0.08,0.08
5,au1808,黄金1808,1000,0.05,1,0.08,0.08
5,au1809,黄金1809,1000,0.05,1,0.08,0.08
5,au1810,黄金1810,1000,0.05,1,0.08,0.08
5,au1812,黄金1812,1000,0.05,1,0.08,0.08
5,au1902,黄金1902,1000,0.05,1,0.08,0.08
5,au1904,黄金1904,1000,0.05,1,0.08,0.08
5,au1906,黄金1906,1000,0.05,1,0.08,0.08
5,bu1807,沥青1807,10,2,1,0.1,0.1
5,bu1808,沥青1808,10,2,1,0.1,0.1
5,bu1809,沥青1809,10,2,1,0.1,0.1
5,bu1810,沥青1810,10,2,1,0.1,0.1
5,bu1811,沥青1811,10,2,1,0.1,0.1
5,bu1812,沥青1812,10,2,1,0.1,0.1
5,bu1903,沥青1903,10,2,1,0.1,0.1
5,bu1906,沥青1906,10,2,1,0.1,0.1
5,bu1909,沥青1909,10,2,1,0.1,0.1
5,bu1912,沥青1912,10,2,1,0.1,0.1
5,bu2003,沥青2003,10,2,1,0.1,0.1
5,bu2006,沥青2006,10,2,1,0.1,0.1
5,cu1807,铜1807,5,10,1,0.09,0.09
5,cu1808,铜1808,5,10,1,0.09,0.09
5,cu1809,铜1809,5,10,1,0.09,0.09
5,cu1810,铜1810,5,10,1,0.09,0.09
5,cu1811,铜1811,5,10,1,0.09,0.09
5,cu1812,铜1812,5,10,1,0.09,0.09
5,cu1901,铜1901,5,10,1,0.09,0.09
5,cu1902,铜1902,5,10,1,0.09,0.09
5,cu1903,铜1903,5,10,1,0.09,0.09
5,cu1904,铜1904,5,10,1,0.09,0.09
5,cu1905,铜1905,5,10,1,0.09,0.09
5,cu1906,铜1906,5,10,1,0.09,0.09
5,fu1808,燃油1808,50,1,1,0.2,0.2
5,fu1809,燃油1809,50,1,1,0.2,0.2
5,fu1810,燃油1810,50,1,1,0.2,0.2
5,fu1811,燃油1811,50,1,1,0.2,0.2
5,fu1812,燃油1812,50,1,1,0.2,0.2
5,fu1901,燃油1901,50,1,1,0.2,0.2
5,fu1902,燃油1902,50,1,1,0.2,0.2
5,fu1903,燃油1903,50,1,1,0.2,0.2
5,fu1904,燃油1904,50,1,1,0.2,0.2
5,fu1905,燃油1905,50,1,1,0.2,0.2
5,fu1906,燃油1906,50,1,1,0.2,0.2
5,fu1907,燃油1907,50,1,1,0.2,0.2
5,hc1807,热轧卷板1807,10,1,1,0.1,0.1
5,hc1808,热轧卷板1808,10,1,1,0.1,0.1
5,hc1809,热轧卷板1809,10,1,1,0.1,0.1
5,hc1810,热轧卷板1810,10,1,1,0.1,0.1
5,hc1811,热轧卷板1811,10,1,1,0.1,0.1
5,hc1812,热轧卷板1812,10,1,1,0.1,0.1
5,hc1901,热轧卷板1901,10,1,1,0.1,0.1
5,hc1902,热轧卷板1902,10,1,1,0.1,0.1
5,hc1903,热轧卷板1903,10,1,1,0.1,0.1
5,hc1904,热轧卷板1904,10,1,1,0.1,0.1
5,hc1905,热轧卷板1905,10,1,1,0.1,0.1
5,hc1906,热轧卷板1906,10,1,1,0.1,0.1
5,ni1807,镍1807,1,10,1,0.1,0.1
5,ni1808,镍1808,1,10,1,0.1,0.1
5,ni1809,镍1809,1,10,1,0.1,0.1
5,ni1810,镍1810,1,10,1,0.1,0.1
5,ni1811,镍1811,1,10,1,0.1,0.1
5,ni1812,镍1812,1,10,1,0.1,0.1
5,ni1901,镍1901,1,10,1,0.1,0.1
5,ni1902,镍1902,1,10,1,0.1,0.1
5,ni1903,镍1903,1,10,1,0.1,0.1
5,ni1904,镍1904,1,10,1,0.1,0.1
5,ni1905,镍1905,1,10,1,0.1,0.1
5,ni1906,镍1906,1,10,1,0.1,0.1
5,pb1807,铅1807,5,5,1,0.1,0.1
5,pb1808,铅1808,5,5,1,0.1,0.1
5,pb1809,铅1809,5,5,1,0.1,0.1
5,pb1810,铅1810,5,5,1,0.1,0.1
5,pb1811,铅1811,5,5,1,0.1,0.1
5,pb1812,铅1812,5,5,1,0.1,0.1
5,pb1901,铅1901,5,5,1,0.1,0.1
5,pb1902,铅1902,5,5,1,0.1,0.1
5,pb1903,铅1903,5,5,1,0.1,0.1
5,pb1904,铅1904,5,5,1,0.1,0.1
5,pb1905,铅1905,5,5,1,0.1,0.1
5,pb1906,铅1906,5,5,1,0.1,0.1
5,rb1807,螺纹钢1807,10,1,1,0.1,0.1
5,rb1808,螺纹钢1808,10,1,1,0.1,0.1
5,rb1809,螺纹钢1809,10,1,1,0.1,0.1
5,rb1810,螺纹钢1810,10,1,1,0.1,0.1
5,rb1811,螺纹钢1811,10,1,1,0.1,0.1
5,rb1812,螺纹钢1812,10,1,1,0.1,0.1
5,rb1901,螺纹钢1901,10,1,1,0.1,0.1
5,rb1902,螺纹钢1902,10,1,1,0.1,0.1
5,rb1903,螺纹钢1903,10,1,1,0.1,0.1
5,rb1904,螺纹钢1904,10,1,1,0.1,0.1
5,rb1905,螺纹钢1905,10,1,1,0.1,0.1
5,rb1906,螺纹钢1906,10,1,1,0.1,0.1
5,ru1807,橡胶1807,10,5,1,0.1,0.1
5,ru1808,橡胶1808,10,5,1,0.1,0.1
5,ru1809,橡胶1809,10,5,1,0.1,0.1
5,ru1810,橡胶1810,10,5,1,0.1,0.1
5,ru1811,橡胶1811,10,5,1,0.1,0.1
5,ru1901,橡胶1901,10,5,1,0.1,0.1
5,ru1903,橡胶1903,10,5,1,0.1,0.1
5,ru1904,橡胶1904,10,5,1,0.1,0.1
5,ru1905,橡胶1905,10,5,1,0.1,0.1
5,ru1906,橡胶1906,10,5,1,0.1,0.1
5,sn1807,锡1807,1,10,1,0.09,0.09
5,sn1808,锡1808,1,10,1,0.09,0.09
5,sn1809,锡1809,1,10,1,0.09,0.09
5,sn1810,锡1810,1,10,1,0.09,0.09
5,sn1811,锡1811,1,10,1,0.09,0.09
5,sn1812,锡1812,1,10,1,0.09,0.09
5,sn1901,锡1901,1,10,1,0.09,0.09
5,sn1902,锡1902,1,10,1,0.09,0.09
5,sn1903,锡1903,1,10,1,0.09,0.09
5,sn1904,锡1904,1,10,1,0.09,0.09
5,sn1905,锡1905,1,10,1,0.09,0.09
5,sn1906,锡1906,1,10,1,0.09,0.09
5,wr1807,线材1807,10,1,1,0.2,0.2
5,wr1808,线材1808,10,1,1,0.2,0.2
5,wr1809,线材1809,10,1,1,0.2,0.2
5,wr1810,线材1810,10,1,1,0.2,0.2
5,wr1811,线材1811,10,1,1,0.2,0.2
5,wr1812,线材1812,10,1,1,0.2,0.2
5,wr1901,线材1901,10,1,1,0.2,0.2
5,wr1902,线材1902,10,1,1,0.2,0.2
5,wr1903,线材1903,10,1,1,0.2,0.2
5,wr1904,线材1904,10,1,1,0.2,0.2
5,wr1905,线材1905,10,1,1,0.2,0.2
5,wr1906,线材1906,10,1,1,0.2,0.2
5,zn1807,锌1807,5,5,1,0.1,0.1
5,zn1808,锌1808,5,5,1,0.1,0.1
5,zn1809,锌1809,5,5,1,0.1,0.1
5,zn1810,锌1810,5,5,1,0.1,0.1
5,zn1811,锌1811,5,5,1,0.1,0.1
5,zn1812,锌1812,5,5,1,0.1,0.1
5,zn1901,锌1901,5,5,1,0.1,0.1
5,zn1902,锌1902,5,5,1,0.1,0.1
5,zn1903,锌1903,5,5,1,0.1,0.1
5,zn1904,锌1904,5,5,1,0.1,0.1
5,zn1905,锌1905,5,5,1,0.1,0.1
5,zn1906,锌1906,5,5,1,0.1,0.1
